// Number of vertices
1418
// Adj list
48 1232 1238 1340
155 188 344 1077 1105 1329
895 1046 1291 1411
167 235 251 308 427 535 806 985 1123 1139
52 318 379 672 864 968 1213 1313 1336 1374
209 357 854 1213 1274
150 475 696 1268
42 361 379 395 485 525 653 781 811 941 1297
255 894 1143 1187 1417
219 234 250 337 521 871 951 1050 1223 1379 1388
38 309 764 845 951 1023 1115 1277
49 89 322 395 599 960 1227 1319
78 206 491 689 737 1222 1323
233 271 390 485 495 560 842 844 1287 1322
73 80 779 780
921 1156 1339 1360 1392
751 1017 1377 1390
77 302 430 583 1168 1183 1212 1342
36 372 718 1089 1251 1320 1392 1404
291 351 694 706 737 1070 1071 1243
71 149 153 243 259 324 477 707 959 1134
522 524 617 674 716 890 948 1051 1386
124 440 510 573 688 962 1073 1154 1338
98 200 221 329 385 389 406 457 966 991 1316
492 522 544 609 861 1217 1303
191 342 344 425 599 865 1153 1360
144 380 672 755 788 875 906 945 963
260 299 307 361 374 383 437 454 691 716 800 807 993 1230
37 106 275 685
485 541 578 666 872 886 1070 1188 1205 1304
196 348 449 460 464 1012 1254
126 245 333 411 435 1072 1136 1411
216 335 492 543 634 1006 1102 1174
58 131 661 1144 1293
539 720 912
40 196 700 721 836 850 944 1280 1321 1401
18 188 226 266 426 499 1079 1253 1357 1411
28 135 402 443 522 1055 1230 1249
10 365 479 524 861 1040 1053 1219 1345
215 348 646 676 1041 1115
35 50 62 127 199 227 513 543 1122 1124 1129 1388
175 378 398 631 784 868 882 928 1036 1136 1297
7 77 359 437 581 870 997 1056 1201 1399
63 94 103 292 684 1257 1339
374 385 437 672 787 825 920 1212 1387
179 412 543 672 802 1315
144 320 327 366 1035 1277
110 327 866 902 931 1310
0 818 1269 1285 1375
11 105 169 188 743 924
40 58 215 301 418 555 641 875 1029 1390 1401
120 199 419 651 698 729 1162 1168 1283 1308
4 289 588 695 956 1002 1048 1129
571 758 934 959 1167
141 309 351 562 638 743 1111
265 340 1089 1134 1190
92 354 716 990 1145
78 166 479 595 1047 1144 1353
33 50 115 254 351 682 790 1114 1118 1176 1225
272 499 629 766 1065 1110 1182
82 183 199 459 680 683 959 1147 1261 1311
307 658 766 1087
40 182 375 450 520 606 910 935 1215
43 325 362 588 832 1030 1201 1379
470 605 643 742 795 831 1096 1114 1183 1230 1239 1341
544 549 823 993
70 483 506 738 776 1298 1388 1412
140 202 377 525 546 644 854 1032 1069 1244 1284 1330
426 571 660 718 921 1071 1148 1392
382 422 530 951
66 331 1057 1106
20 154 231 493 590 665 857 1025 1417
333 578 598 1014 1122 1355
14 274 454 624 681 891 913 1086 1115 1150 1200 1363 1395
115 182 212 525 557 597 979 1093 1165 1342
251 811 1141 1219
96 111 189 307 462 516 535 720 802 892 903 913 1035
17 42 348 508 714 727 1078 1254
12 57 146 696 875 1004 1066 1308
511 787 816 910 1222 1303
14 951 1052 1198
119 327 437 781 822 1092 1249 1414
60 246 252 334 877 1202 1272
85 89 325 387 612 632 1081 1095 1118 1222 1409
119 334 555
83 127 610 1176 1293 1303
252 258 626 778 1214 1380
306 310 551 562 606 697
123 443 758 813 849 854 1330
11 83 166 408 649 1035 1182
252 534 565 787 1133 1259 1350
435 529 575 688 809 1050 1130
56 433 734 911 1026 1153 1242 1327 1398
228 483 593 916 961 1057 1178 1377
43 117 243 636 657 761 843 1185 1354
97 1048 1212 1226 1243
76 118 351 439 524 736 894 959 1363 1417
95 317 828 979 1277 1283
23 225 378 475 755 1323 1383
525 740 1023 1113
289 851 941 950 991 1092 1137 1177 1206 1322
227 316 1003 1130
176 280 410 433 534 1038 1088 1306
43 490 623 790 1084 1346
268 272 838 1061 1084 1142 1202 1355
49 240 697 1216 1261 1314
28 677 1071 1297
197 241 286 356 368 392 434 440 605 880 1008 1107 1133 1245 1259 1332 1360
203 366 514 576 579 594 595 705 813 852 1003 1379
139 254 280 327 351 478 1411
47 147 264 682 871
76 536
211 565 592 878 902 1150
606 643 694 720 971 984 1273 1321
277 820 862 958 995 1070 1319
58 74 444 631 847 865 885 1005 1320 1403
135 610 708 909 1092 1131 1228 1244
94 485 1200
96 346 506 875 1195 1204 1302 1388
81 84 535 590 1108 1145 1273
51 138 783 787 1034
338 381 507 606 816 905 1013 1057 1082
236 422 513 696 796 818 1186 1333
88 145 561 855 1261
22 248 423 691 980 1083 1262 1403
166 196 270 459 465 617 788 823
31 165 240 453 544 704 846 899 1029 1129 1321
40 85 675 882 1050
149 178 863 901 1051 1152
507 572
233 360 375 437 621 656 661 675 702 997
33 280 330 429 729 980 1162 1264
281 537 650 783 855 985 1148
304 324 342 398 471 706 1068 1106 1107 1361
705 1144
37 116 242 387 493 562 761 1055 1276
262 638 842 1091 1244
187 208 210 332 345 454 738 860 989 1079 1098 1180 1211
120 183 191 415 959 1365
109 246 734 803 905 1005 1050 1087 1180 1223
67 231 370 414 419 532 878 897 961 993
54 298 385 490 502 503 636 768 1356 1414
180 279 1140 1309
154 250 498 773 1271 1410
26 46 288 463 686 1099 1283 1312 1355
123 193 228 311 665 814 1055
78 472 668 736 790 1270 1279 1360
110 417 488 896 1259 1260
334 756 933 1045 1134 1260 1395
20 128 784 818 858 873
6 381 1040 1125 1405
197 339 426 1015 1113 1156 1302 1331
161 232 387 769 966 1256 1377
20 379 548 617 872 929 1127 1161 1192
71 143 195 214 466 478 529 744 1014 1063 1116 1291
1 383 434 1027 1035
383 454 576 612 739 747 881 1004 1026 1076 1363
272 277 328 423 435 574 1205 1219 1238 1336 1348
228 302 802 837 1174 1297
353 807 1026 1122 1161
1164 1239
152 212 578 688 1257
427 705 843 1022
475 551
187 216 901 939 1134 1286 1368 1379
126 632 811 847 959 988 1359
57 89 125 192 423 538 669 811 1092 1156 1347 1354 1356
3 903 1023 1129
398 761 1069 1120
49 179 323
200 303 649 1327
270 362 884 939 1013 1355
308 477 750 1015 1336
278 323 414 594 1162
210 280 650 668 1116 1291 1378
41 580 683 904 1241
102 207 249 433 600 883 1041
401 463 684 752 861 888 1040 1213 1299
128 234 309 373 780 863 1000 1171 1173 1210 1327
45 169 267 553 890 1004 1216
142 265 421 536 644 828 962 1187
220 618 822 1052 1413
62 74 376 394 638 779 1349 1401 1404
60 138 199 325 687 866 1214 1266 1310
283 360 515 539 822
272 394 695 706 736 850 1289
287 384 545 575 780 863 943 1124
137 164 219 917
1 36 49 268 299 467 570 648 1348
76 267 271 310 451 514 534 978 1006 1052 1243
256 437 547 576 1178
25 138 266 282 489 543 709 834 900 979 1123 1170
166 224 407 436 439 682 729 803 819 1179
145 528 587 1158 1297
571 593 1176 1219
154 373 412 836 900 1063 1408
30 35 125 381 603 723 857 1052 1224
107 151 204 601 686 916 1080
341 489 687 694 708 891 934 1093 1169 1212
40 51 60 183 240 417 523 823 902 954 1350
23 170 281 414 444 579 586 778 779 888
388 556 1085 1120 1129 1142 1232 1335 1361
67 217 279 552 617 836 1008 1248 1378
108 215 340 360 425 455 792 1061 1357
197 408 612 789 864 906 1065 1215 1244 1282 1414
854 1359
12 630 807 825 827
176 513 840 932 1076
137 636 766 1125 1253 1334
5 414 956 981 1036 1090 1135 1235 1266
137 174 237 252 284 734 763 903 1017 1276 1399
112 438 473 610 620 876 907 1378 1388 1411
74 161 247 403 623 711 883 1080 1110 1279 1280
231 329 362 416 553 769 853 1262 1346
154 505 539 647 1340
39 50 203 285 349 518 774 1172 1364
32 164 248 330 341
202 321 717 950 1075 1191 1202 1212
225 315 353 588 1134
9 187 276 284 320 356 499 728 773 1041 1053 1283 1347
181 473 643 803 864
23 456 469 1296
359 469 488 553 953 1097
359 696 869 958 1046 1083 1196 1297 1372
192 231 322 373 533 557 569 650 902 932 966 1069 1091
98 218 301 705 733 815 876 1121 1403
36 847 884 1133 1196
40 101 760 904 1038
93 145 158 565 727 1096 1209
534 624 692 705 780 814 1014
320 360 467 471 539 638 1341
71 140 213 224 708 846 915 1005 1064 1288
152 321 387 423 573 960 1175 1197 1331
13 130 346 607 872 1082 1159 1260
9 178 281 720 948 1094 1232
3 421 497 679 1139
122 347 373 410 431 872 1044 1098 1362
210 578 893 954 1001 1283
463 622 691 831 936 964 1052 1303
252 396 768 848 953 1337 1368
105 126 199 283 353 354 517 593 955 1114
107 1084 1240
135 291 801 1160 1387
20 94 533 1351 1400
335 795 975 1102
31 384 967 1149 1345
82 139 468 931 1313
212 364 637 714 916 1122
124 216 524 558 568 907 937 1330
176 452 861 964 987 1103 1197
9 143 311 413 475 552 635 941 1060 1217 1235 1273
3 75 369 465 477 703 850 876 995 1165 1167 1272
82 86 90 210 239 338 641 780 810 869 1103 1357
382 425 647 749 752 1362
58 109 318 483 678 1017 1063
8 524 1079 1259
190 313 504
303 646 996 1199
86 482 751 822 1056 1410
20 413 683 749 778 997 1018 1153 1388
27 692 821
318 725 1140 1219 1235 1361 1362
136 557 599 1084 1317
583 836 1046
110 339 843 895 1009 1010 1203
55 180 290 351 474 489 555 621 837 885 1321 1401
36 191 302 404 643 686 731 787 845 1077
179 189 505 1044
104 188 293 456 637 727 787 1018
474 738 743 1032 1328 1396
125 171 377 768 862 1035 1265 1349
13 189 873
59 104 157 185 353 787 1070
277 427 523 764 1375
73 439 763 1193
28 286 409 491 578 618 689 1052 1077 1083 1103 1119 1194
219 319 330 1292
114 157 273 389 593 663 1013 1080 1316
173 370 446 725 798 1260
142 202 297 573 870 1113 1183 1210 1226 1270
102 109 131 174 293 433 437 1064 1262 1412
132 200 234 793 852 901 1384
191 366 385 872 964 985 996 1048 1050 1176 1207 1275 1371 1373 1410
184 240 324 453 734 789 933 1352 1378 1394
210 219 465 511 640 681 781 1055 1065
215 303
107 275 355 460 482 572 578 672 717 903 1010 1043 1044 1113 1405
186 546 587 628 1088 1093 1320 1360
144 302 489 1146 1279
52 100 295 420 1022 1046 1079 1291
265 348 419 517 727
19 242 431 463 732 954 986
43 343 372 387 468 620 815 845 1263 1352
268 280 532 798 799 865 1372 1377
310 403 1336
289 387 503 668 788 793 916 925 1282
474 1281
279 624 701 774 794 1026 1253 1364
141 339 352 393 578 580 776 915 938 1349 1400
27 188 534 707 876 966 977 1236 1306
764 873 931 941
50 225 753 1130 1149 1411
17 158 266 288 451 463 543 591 724 779
170 257 285 309 560 1175 1319
133 534 834 968 1115 1223 1346
308 480 749 896 1240 1377
87 436 579 758 1098
27 61 76 1148 1414
3 172 305 327 563 920 940 1111 1141 1178 1319 1384 1396 1412
10 54 178 303 388 657 678 880
87 189 294 606 695 1010
145 250 485 603 932 1000 1159 1252 1279 1319 1347
337 369 674 801 999 1107 1120 1323
256 744 933 943 995 1041 1077 1280
363 825 926 1001 1122 1298 1315
218 1144 1152 1178 1307
101 386 605 658 715 972 984 1100 1133
97 401 493 518 1003 1125
4 254 261 831 1083 1157 1164 1184 1394
276 790 918 1251
46 219 230 668 720 1055 1177
217 232 445 922 1030 1125
11 224 405 517 857 951 1138
169 173 471 597 1173 1253 1276
20 133 283 355 427 639 691 990 1049
63 83 183 501 521 534 699 836 881 1306
711 890 1110 1133 1147 1184 1319 1374
46 47 81 109 308 778 836 906 1087 1168 1310 1373 1383 1405
157 968 1186
23 213 556 765 1148 1154 1372
131 216 276 578 697 832 888 995 1173 1403
70 553 738 809 1007 1038
137 647 1220 1338
31 72 435 537 617 835 930 1057 1058 1087 1291 1353
82 84 148 865 1247
32 244 519 624 745 762 1057 1177
588 1025 1055 1241 1275
9 312 358 911 1241
121 252 713 729 878 990 1359
151 264 298 623 1031 1209
55 203 420 478 484 522 551 627 662 691 878 1129 1153
198 216 499 517 522 638 1000 1039 1363 1378
25 133 731 835 925 964 1015 1255 1354
292 391 598 762 940 1167 1278 1410
1 25 590 810 1342
137 387 1364
118 233 358 421 483 701 743 785 797 818 909 931 1398
236 450 627 676 772 829 1322
30 39 77 290 800 904 1058 1119 1285 1297
215 392 769 827 997 1242 1361
636 675 939 1008 1013 1030 1115 1222 1348 1413
19 54 58 96 109 265 455 711 755 803 859 924 973 1234
298 450
159 218 240 272 538 884 996 1096 1295
56 240 476 701 1031 1313 1316 1324
286 324 683 742 762 824 900 985 1133 1413
107 219 377 724 743 803 940 1209 1306
5 373 885 965 1238
337 346 513 661 885 1041
42 222 223 415 610 807 825 1071 1212
130 184 203 230 583 591 696 859 1172 1304
7 27 449 452 1056 1069 1307
63 171 213 892 987 1120 1212
314 1378
247 960 1000 1119 1278
38 534 567 594 851 1168
46 108 282 865 871 1404
747 1256
107 393 478 782 875 1081
251 312 379 413 571 766 803 1071 1234
140 278 508 719 1127 1173 1192 1205
387 569 872 955
18 292 836 982 1137 1143 1262
178 195 224 236 357 1291 1366
27 44 507 560 572 932 1318 1411
62 130 543 606 1161 1189 1277 1362
182 394 544 609 653 678 1142 1233
67 270 356 388 477 844
41 98 436
4 7 153 369 621 690 759 1079 1214 1245 1401
26 651 889 1152 1162 1289 1412
121 150 196 478 590 709 896
69 253 493 1032 1057 1151
27 155 156 435 593 1381
186 245 478 517 611 949 964 1334 1382
23 44 141 282 597 621 631 752 778 849 881 926 1057 1097
316 902 909 910 1129
83 135 152 232 292 295 345 371 507 566 876 967 1046 1175 1412
201 309 377 436 497 503 564 964 992 1063 1176 1310 1394
23 277 489 965 984 1108
13 482 638
343 629 732 769 1021
107 349 417 921 1368
298 368 520 610 741
182 185 376 657 679 1188
7 11 666 1259
239 841 950 1049 1339
532 738 817 866 1296
41 133 168 485 492 707 1336 1414
621 767 874 915 1083 1266 1303
763 766 1099 1402
177 317 454 459 684 1120 1308
37 535 574 611 612 651 1118 1313
212 294 605 662 672 935 1118 1167
266 411 531 916 987 1148 1239 1290
322 653 828 920 945 1162
23 758 1138 1251
192 431 552 721 734 881
89 204 919 1078
275 548 753 843 926 992 993 1077 1137 1265
102 236 611 634 680 687 857
31 404 495 537 753 1046 1119 1150 1400 1401 1406
45 195 760 842 1174
250 259 369 623 666 827
140 173 200 209 510 798 976 1044 1117 1321
138 359 458 538 545 606 741 1075 1182 1213 1403
213 571 717 727 1365
147 199 392 428 521 675 1208 1351
50 698 1180
51 140 290 548 572 1055 1114 1204 1329
289 340 710 821 929 949 987 1359
180 235 346 762 926 954 1104 1128 1254 1269 1417
69 122 573 641 1156
124 157 166 232 542 548 656 951
569 644 1020 1035 1301
25 203 253 792 813
36 68 151 737 1027 1070 1180 1346
3 162 273 324 598 600 945
417 476 597 663
131 511 514 929 1025 1178
17 501 754
236 291 407 603 684 723 853 943 1035
470 861 877 1086
92 102 176 280 489 511 596 682 743 764 1028 1132 1192
107 155 524 1031 1063 1218 1269
31 91 157 333 383 582 596 775 926 1246 1273 1357
192 306 378 388 833 1250 1271 1380
27 42 44 81 130 190 280 767 915 1207 1274 1344
211 820 907
96 192 274 565 705 736 935 997 1030 1111 1167 1192 1296 1314
22 107 693 746 807 948 1152
478 579 993 1083 1179
660 840 894 964
37 88 547 552 692 1001 1040 1067 1335 1348
115 200 516 576 766 988
321 785 829 845 981 1233
278 872 924 1120 1201 1220 1395
603 1015 1288 1372
836 858 1036 1140
30 361 513 1253 1295 1389
62 347 352 546 717 1339
189 302 635 674 768 859 972 996 1057
249 361 669
126 283 801 1216 1286 1399
27 73 137 156 401 598 936 1039
203 351 879 1148 1332
221 268 550 740 1084 1131 1261 1273
23 465 712 1049 1102 1299 1337
415 739 968 1082 1083 1303 1318 1397
60 125 401 555 645 847 927 1114 1185
30 286 609 1002 1168
491 519 709 1057
76 599 869 1068 1177 1211
144 177 238 291 302 590 686 841 908 1213 1312 1377
30 518 958 1063 1067 1106 1397
125 251 284 457 631 909 977 1073 1081
154 504 929
188 230 489 604 743 780 841 879 927 1075
246 292 575 943 1115 1223 1358
221 222 508 708 805 1023 1083 1276 1393 1409
64 432 731 1102
133 230 323 528 622 829 896 1100 1102 1131 1178 1242 1265 1377
146 518 628 739 818 1201 1374
211 220 918 1038
265 269 296 545 587 602 777 1107
6 98 163 250 842 1166 1283
354 428 503 674 690 802 850 926 928 1204 1211 1269
20 172 251 377 532 696 888 1064 1393
109 154 340 368 381 384 441 519 657 933 947 989 992 1172
38 57 503 508 864 981 1051 1080 1340
305 958 1264 1385 1410 1417
500 785 853 1132 1317 1318
258 286 390 583 1034 1405
66 93 254 346 521 762 824 990 1237 1392
340 624 651 714 1272
7 13 29 117 311 398 496 708 929 1033 1360 1406
569 585 684 723 785 832 1195 1366
512 620 795 840 910 1311 1408
147 222 722 723 760 972 1052 1345
191 198 265 288 389 433 467 637 1092 1106 1263
103 141 1188
12 275 461 514 521 709 755 1054 1119
24 32 398 745 855 856 927 1027 1143
71 135 317 382 610
518 639 1088 1107 1226 1311
13 411 519 660 1035 1041 1151 1174 1221
485 782 945 1060 1275 1404
235 388 587 591 855 923 949 966 1182 1187
143 751
36 59 219 341
481 1235 1295
325 430 833 835 1362
141 590 680 752 781 854 1118 1311
141 295 388 476 479 580 783 799 848 1193 1217 1301 1414
256 466 771 1123 1165
214 267 510 548 578 684 766 1221 1224 1267
66 118 514 544 599 982 1209 1345
121 129 374 387 958 981 1166
77 370 469 479 590 635 743
627 631 803 804 935 956 1050 1415
22 414 505 721 913 1033 1069 1354
79 284 429 433 550 678 861 1034 1264
487 738 822
40 122 207 358 449 641 1327
108 189 429 491 506 560 854 858 1139 1161 1344 1377
184 752 1090 1353 1359 1387
76 444 517 555 592 697 986 1042 1091 1148 1181
240 290 322 341 384 516 940
215 317 464 472 494 550 704 942 1140 1272
335 461 478 495 966 1067 1084 1118 1261 1401
62 393 628 679 718 744 865 946 1009 1083 1104 1162 1236
9 325 417 483 491 609 649 685 810 1072 1183 1293 1334
21 24 37 340 341 775 835 912 1103 1275
199 273 617 799 839 1400
21 38 96 248 255 434 624 1174 1217 1225
7 67 74 99 536 763 813 816 830 924 982 1335
814 1085 1179 1219
1041 1115 1180 1300
193 471 830 1188 1325
91 154 741 801 1312
69 551 717 1169 1238 1268
404 614 688 959
140 293 397 477 581 900 911 956 1047 1237 1305 1312 1371 1414
224 243 813 831 1119 1293 1331
90 102 189 229 299 304 325 365 581 856 924 926
3 76 119 402 672 798 967 980 1135 1149 1273 1355 1408
111 180 525 604 631 765 981 1241
132 333 411 662 728 795 873 1027 1040 1364
166 353 415 878 1051 1212 1293 1315
34 184 214 230 580 840
1045
29 601 1071
423 551 657 928 931 969 1337 1397
32 40 45 191 302 375 554 680 782 913 1074
24 65 126 376 506 567 791 820 941 962 1215 1261
186 415 474 650 723 824 852 929 1238 1273 1357 1363
67 287 450 565 998 1270 1336
190 443 606 643 954 1057
153 409 419 423 505 747
65 685 1052 1072 1398
456 511 518
87 163 340 530 542 613 641 900 990
202 250 407 443 903 931 1254
179 213 222 331 783 809 1204
543 641 763 800 938 1072 1319
50 84 265 459 516 910 1090 1406 1408
201 329 1164 1215 1349
74 224 262 858 1271
248 617 919 1346
808 817
13 303 374 514 1296 1345
123 615 626 696 987 1060 1130 1305
54 87 135 581 625 645 670 739 874 877 903 1061 1196 1226 1344
308 964
388 672 716 720 981 1180
90 112 228 439 546 698 723 1076
387 729 986 1035 1050 1061 1325 1358 1399
365 544 879 888 1057 1154 1377 1406
248 1017 1099 1186
224 371 424 486 694 936 1226
188 697 762 816 856 1067 1072 1383
53 68 194 369 416
129 286 374 419 1185
22 232 279 422 1378
157 402 691 806 866 988
91 186 468 712 757 1090 1124 1239
108 156 190 444 709 926 1241 1255 1363
1103
29 72 161 237 275 286 298 330 505 799
108 200 306 441 906 1149
175 298 503 539 647 892 1057 1091 1206 1247 1379
42 532 534 562 750 1005 1164 1176 1178
435 652 922 1136 1184 1322
17 263 360 482 732 756 839 881 908 913 1041 1055 1065 1089 1124 1164 1339
1241
486 916
200 764 1115 1209
193 287 474 497 789 954 1323 1343
52 63 218 336 846 879 882 1103 1251
754 845 965 972 1017 1265 1339
71 119 344 381 463 502 508 978 1182 1241
302 360 497 724 872 971 1096 1175 1242 1315 1320 1350
112 516 992 1026 1197 1359
93 194 240 277 383 664 1002 1050 1123
108 173 365 742 825 1051
57 108 657 698 790 990 1036 1210 1287 1415
433 435 668 707 745 922 923 946 1272 1404
74 323 385 428 934 1157 1380
72 343 427 454 694 961 964 993 1006 1076 1098
11 25 262 462 506 707 1218 1227 1237
176 427 702 749 879 1324
197 541 602 686 963 1150 1222 1409
474 601 728 814
196 311 431 447 775 787
467 536 909 944 1112 1312 1319
64 107 316 403 1255 1275
62 87 113 121 310 375 415 547 611 649 686 909 1166 1338
233 757 880 931 1201
695 908 1190
24 376 460 521 641 730 772
85 116 211 359 393 493 799 955
384 402 410 606 774 919 1367 1414
83 156 204 402 775 899 991 1164 1253 1328
551 1159 1240 1378
531 655 675 787 812 1112 1114 1371
561 670 707 1237 1266 1396
1020 1217
21 125 153 202 333 523 558 635 647 937 1371
181 275 813 827 1350
762 961 1250 1381
211 292 487 974 1022 1124 1373
130 265 379 385 399 813 934 1274
238 471 643 1055 1121 1410
103 212 339 413 663 711 1119 1166 1226
73 229 297 335 484 524 647
562 674 997 1257 1274
86 561 861 1270
340 347 509 706 784 825 953 1021 1142 1408
287 472 520 885 1088 1152 1346 1357 1383
59 391 886 995 1152 1161
206 631 762 1041 1144 1307
41 115 385 465 509 536 630 1024 1100 1317 1349
83 165 867 1142 1185 1329
706 761 762 856
32 410 714 803 1270
250 451 508 617 840 877 982 1070
94 141 208 350 1089 1096 1207 1275
247 268 489 1072 1356
54 136 182 230 341 390 1114 1247 1268 1331
324 494 694 971 1063 1166
284 681 703 756 844
50 252 422 513 551 554 609 1219 1378 1392

64 113 220 266 547 622 1346
67 180 424 759 844 901 1193
459 562 730 1130 1334
39 257 722 849 1052
214 253 332 580 617 624 1098 1167 1213 1300
188 795 1089 1166 1277
89 170 521 606 1159 1220 1259
132 174 224 545 656 796 1003 1025 1129 1268 1329
51 380 402 484 662 819 1115 1363 1388
582 747 766 767 965 1093 1178
7 376 405 788 856 861 913 1165 1268 1275
883 898 1076 1247 1285 1356
614 947 1004 1032 1234 1390
130 423 650 667 724 870 940 1106 1219
94 309 394 478 542 595 701 1311
61 316 775 817 1408
716 735 775 808 1104 1145 1185
68 442 495 852 1198 1300
33 130 358 1140 1239 1242 1271
340 403 537 651 740 935 1024 1262
277 428 623 671 689 764 849 1102
593 843 1249 1284
71 145 760 910 1261 1375
29 395 413 823 1180 1212 1268 1398
656 685 733 850 1066
146 174 295 320 596 740 755 793 909 1137
166 452 1094 1287 1396
562 615 755 896 1049 1214 1358
663 833 983 1277 1293
4 26 44 45 286 403 535 564 712 1010 1107
675
21 312 451 476 625 867 958 1276
127 130 350 417 614 673 863
39 347 761 820 1251 1378 1409
106 699 721 833 1097 1130 1285
254 309 376 511 686 734 875 893 1286 1370
235 394 520 743 749
60 410 502 543 823
73 284 640 856 1279 1311 1326
58 110 192 433 1222 1275
60 175 259 355 768 1227 1280
43 177 401 431 486 505 1059 1100 1122 1169 1251
28 521 549 667 759 837 975 1159 1240 1302 1313
144 197 266 463 601 606 678 973
183 198 410 688 995 1236 1273
22 91 161 531 687 698 721
12 275 663 925 1225
379 476 697 1310 1410
27 124 238 324 340 574 702 908 1341
229 260 443 788 984 1037 1417
440 885 890
19 113 198 569 598 639 755 822 1028 1368
52 185 310 608 789 874 917 954 959 1249 1343 1368
6 78 122 223 360 477 561 806 980 982 1130
87 105 330 516 570 690 718 771 855 1201
51 418 565 595 688 811 1294
325 677 701 1055 1214
35 818 900 1111 1260
297 346 354 657 699 736 1383 1403
130 600 691 747 777 1349
251 640 1066 1079 1251 1256 1275
126 518 888 1054 1148 1213 1236
108 134 162 225 229 439 990
19 133 185 627 633 821 913 973 1077 1102
20 299 398 596 599 615 739 850 1187 1347
116 198 231 469 485 778 856 989 1020 1120 1304
191 381 461 491 576 1068 1171 1294
420 767 806 860 896 1011 1238
212 326 351 623 1022 1130
457 575 672 780 903 973
338 846 1076
77 247 484 634 856 1245 1270
316 762 1007
21 27 56 564 659 1116 1183
217 286 416 450 530 1060 1082 1289 1305
18 68 520 697 722 949 967 1248 1282
370 794 948 1302 1358 1387
34 76 113 234 320 564 808 983 1007 1080 1248
35 407 510 677 688 734 793 831 1160
488 646 718 1063 1335 1388
196 431 486 488 545 565 817 895 1034
302 356 591 656 805 1152 1244
261 278 962 1000 1025 1080 1259 1277
789 811 1251
77 228 268 290 416 836
219 537 602 914 1105 1297
51 131 192 338 566 778 947 1154
609 645 1178 1196
266 342 470 800
291 391 583 823 947 1233 1278
225 667 937 1017 1116 1356 1358
92 139 210 283 407 678 721 1367
659 846 932 946 1086 1140
96 146 185 439 701 1043 1070 1082 1299
12 19 426 998 1369
66 137 269 331 397 512 751 1185 1345
156 458 472 562 707 761 1075
99 456 662 668 927 943 1059 1244 1307
393 415 529 804 939 1223 1405
64 355 594 858 981 1023 1247
49 54 269 346 356 433 467 508 679 806 857 1006 1166
154 313 520
335 492 596 781 937 1198
440 1032 1231
156 367 548 652 702 794 929 1155
809 968 1095
253 259 305 600 679 834 1111 1123 1161 1388
172 581 981
16 258 498 738 1054 1373
177 253 385 502 515 1183 1263
301 409 411 785 879 1167 1254
430 589 801 907 971 977 1063 1085 1112
26 98 351 491 668 670 694 991 1174
148 583 640
575 607 782 823 945 1120 1157
53 88 306 406 804 860 933 1135 1367
379 644 685 786 1074
227 412 488 665 825 878 1360
94 135 168 633 676 739 940 1030 1038 1189 1390
335 343 355 421 483 570 619 630 633 715 1149 1202 1211 1349
210 274 400 525 554 919 1068 1278 1356
10 273 300 433 586 663 803 988 1089 1116 1273 1301 1396
329 536
59 61 208 369 400 444 505 652 767 772 973 1361
399 437 652 710 766 1085 1225 1364
141 239 270 451 683 1001 1024 1225 1241 1281 1373 1403
152 213 349 391 1117 1271 1394
779 802 909 1100 1190 1387
504 697 1223
347 609 766 779 882 1018
143 219 811 939
215 297 611 1029 1278 1345
435 522 603 612 658 659 824 851 880 1125 1195 1284
66 298 803 854 1028
474 702 830 941 953 974
86 200 259 327 385 708 729 854 944 1264
14 182 200 302 770 772 1040
14 178 186 229 252 467 712 1126 1264 1277 1299
7 81 284 502 745 1034 1123 1248 1296
368 496 543 757 909 1003 1047 1051 1302 1325
120 132 503 553 820 964 1060 1150
41 149 627 789 878 887 1283 1288 1292
346 445 481 486 753 1036 1145 1204 1375
759 1011 1269
44 79 90 120 266 268 272 603 614 812 985 1063 1103 1164
26 125 295 653 692 913 1215 1405
204 283 587 695 726 784 960 1365
58 103 146 319 595 1066 1245
544 1149
203 425 810 1007 1189
281 295 668 721 909 1196 1403
297 719 747 887 1160 1186
64 244 487 537 648 933 958 1166 1236 1319
122 650 1096 1270 1302
346
278 293 414 535 1101 1139
293 503 523 578 610 1005 1130 1317 1326
27 348 554 731 924 1169
242 312 453 529 754 981 1088 1341
45 76 158 476 770 809 891 1094
139 192 220 351 356 369 509 634 764 776 808 1320 1337
509 741 758 1099
469 724 1017 1241 1350
3 574 696 710 743 1272 1379 1405
27 159 206 359 440 1262 1326
559 659 720 803 1175 1244
91 331 553 748 802 933 986 1054 1097 1132 1306
252 344 521 792 1193 1326 1341
7 75 165 166 698 726 773 866 977 1023 1102
614 787 911
88 108 425 525 533 618 621 922 985 1028 1052 1244 1308
145 229 526 602 913 918 943 1112 1164
225 292 999 1163 1187 1251 1366
79 121 525 570 890 913 1043 1099 1108 1155
397 559 658 723 838 865 1329
48 122 149 346 472 700 1069 1412
192 651 838 1002 1055 1251 1338
114 438 544 676 783 1127
260 420 706 846 908 1269 1330 1378 1414
81 181 184 258 512 694
65 125 199 666 680 732 757 913 997 1047 1380
355 483 545 775 833 1008 1096 1139 1233 1301 1319
44 206 314 359 594 627 760 901
836 853 1030 1198
206 349 413 618 970 1117 1294
97 180 405 860 1023 1100 1111 1118 1346
347 445 471 1031 1209
525 528 777 972 1059
64 238 318 533 721 967 991 992 1072
63 330 486 919 1011 1032 1142 1157 1229 1326
436 501 671 677 824 1307
191 304 749 1044
333 342 501 522 927 1046
35 195 202 263 325 327 372 448 727 826 1114 1308
158 265 685 922
104 817 819 1040 1115 1250 1287 1405
523 583 871 1083
207 442 487 539 635 976 995 1100 1159 1251 1313 1345
396 463 467
13 136 412 475
94 162 264 409 664 1073 1140 1229 1411
13 377 640 644 987 1205 1290
10 266 292 445 589 865 1115 1217 1320
126 231 588 713 735 821 941 1319
115 165 226 459 1022
239 503 1000 1317
88 385 646 663 1152 1359
35 185 251 476 667 707 945 1138 1186
100 365 775 902 913 973 1084 1164
108 281 545 660 1060
213 431 481 826 1006 1107 1109 1216 1238 1414
5 67 88 205 502 514 776 778 1138
123 132 492 497 697
492 534 570 633 653 681 708 714 954 1117 1180 1209
71 196 322 410 743 917 1199
149 448 514 557 742 1104 1191 1225
351 360 451 1008 1188
137 710 758 828 1062 1268 1333
24 38 177 249 432 511 626 653 870 945 1088 1268 1325
114 270 962
128 178 186 675 1414
4 204 220 479 961 1229
25 115 293 334 366 520 817 845 988 1027 1050
47 183 397 574 811 1003 1143 1252
632 674
41 890 1036 1188
223 252 462 988
42 279 656 861 1075 1150 1180 1345
9 110 366 839 1040 1173 1260 1262
29 153 233 236 282 371 446 591 1110 1248
149 271 300 537 960 963
399 562 695 1169
26 50 78 118 368 678 1343
211 225 251 299 387 1021 1149
82 432 562 635
112 140 338 340 538 760 784 1122 1335 1350
455 467 567 588 600 753
107 309 607 775 1000 1082 1306 1361
156 325 385 407 583 885 915 1167 1272 1278 1377
41 127 588 772 951
176 212 654 1035 1326
171 226 353 1027 1154 1255 1382 1406
115 265 357 358 628 693 881 1062 1070 1259
29 629 904 940 987 1300
784 794 941 1082 1352
177 200 330 477 567 704
380 938 1382
21 179 326 693 816 868 904 961 983 1255 1373 1375
73 198 802 959 1077 1104 1126
76 362 580 994 1252
237 678 1133 1287 1356
8 96 442 1006 1057 1072 1282 1294 1343 1361
2 264 723
147 305 381 471 670 710 1123 1371
140 934 967
654
126 612 1044 1128 1151 1179 1197 1202 1396
191 195 355 532 551 700 1024 1405
128 164 281 644 825 1038 1079 1106
47 112 199 224 386 851 1243 1293
76 167 210 286 552 562 712 1196 1239 1264
175 227 348 886 890 1020 1376
121 139 1079 1215
26 204 327 579 1033 1067
211 248 438 754 916 932 1313 1347 1388
463 583 608 691 821 1174 1347 1371
116 346 386 465 604 606 668 770 782 793 1156 1193
62 79 386 487 555 665 1002 1217
92 337 532 812 1017
34 522 944 1244
73 76 510 543 583 653 706 788 814 816 823 851 1014 1059 1255 1281
728 975 1093 1202
231 298 399 437 881 929 1136 1252 1403
93 197 247 295 404 585 907 1015 1406
187 695 857 1079 1159
319 473 814 925
408 558 611 763 832 967
44 308 405 924 931 1086 1119
15 68 392 941 1006 1355
321 582 596 813 837 1157
497 596 1065 1314
49 351 446 525 534 800 920 1228 1407
295 342 689 918 1103 1199 1239 1252 1287 1381
314 385 409 421 435 476 534 576 1080 1340
459 467 492 740 835
41 476 542 1166 1406 1407
153 420 429 466 485 545 747 915
333 939 1069
47 246 300 346 542 552 607 920 965 1210 1355
207 224 311 374 735 907 1125 1234
148 283 313 478 758 795 809 1151 1238 1261
53 198 597 621 897 1351
62 403 439 509 662 1395
238 454 569 982
248 617 733 745
298 554 889 1086 1281
164 171 350 741 773 930 1275 1356
308 343 356 517 656 761 886 982 1149 1222 1238 1371
7 100 250 300 544 777 846 887 921 1026 1170 1182 1260
518 1105 1110 1162 1183 1269 1277
186 313 431 468 740 814 1111 1293
35 604 778 912
26 405 427 496 757 850 861 1165
520 596 735 1036 1309 1385
478 655 729 732 963 1277 1371
21 234 440 719 981 986 1373
384 420 497 718 1012 1148 1232 1258 1295
100 217 396 1102 1150
9 10 69 80 322 423 882 1256
1256 1403
222 239 627 777 1053 1068 1165 1234 1250 1306
199 237 291 421 547 587 695 856 965
240 371 610 1086
52 209 509 532 1109 1177
1082 1334
114 223 464 480 507 674 795 961 1210 1312
20 53 60 96 138 165 531 695 891 1342
11 232 364 789 873 1206
93 140 598 619 864 890 958 1208
22 180 544 725 862 1223 1338
26 601 873 947 1124 1127 1330 1352
238 249 282 342 384 388 442 563 598 783 1211 1269 1354
357 389 589 652 931 954 1404
23 152 224 299 497 519 1244
245 387 535 718 831 897 919 1066
4 304 328 458 748 1030 1112 1158 1262 1278 1347 1365
542 1106 1202
827 1161 1212
113 591 639 754 1168 1311 1323
316 451 488 589 830 1092 1138 1225 1271 1343
351 686 706 712 766 851 1034 1108
620 777 1233 1300
244 685 914 1268 1349 1375
414 840 1037 1382
299 465 754 811 1013
189 590 1155 1209 1247
74 97 191
124 131 535 696 1183 1193
209 445 479 507 536 564 742 750 801 948 1411
372 506 525 635 696 936 940 998
671 720 890 1120 1127
113 316 389 692 985 1002 1142
3 132 282 355 787 813 984 1034 1118 1369
291 516 566 809 948 1214
249 362 404 420 561 844 886
165 444 574 764 865 869 1138 1358
137 478 708 1110 1128 1150
56 324 338 483 551 595 705 1025 1059 1154 1219 1227 1388
23 100 612 755 831 995 1122
388 409 478 592 831 1057 1261 1342
27 65 140 409 441 598 1073 1360 1409
892 1403
114 251 313 330 629 687 840 991 1005 1318
257 282 353 451 1018 1176 1222
42 130 259 349 439 625 823 1006 1239 1316
546 737 982 1009 1086 1117 1278 1331 1402
312 815 1083
178 311 341 364 725 848 880 1180
237 314 443 768 1160 1181 1304 1375
52 460 593 819 910 984 1217 1300
101 108 317 650 782 866 1077 1297
78 156 179 655 1245 1289
115 139 231 581 799 995 1038 1039 1201 1305
32 189 598 743 853 894 921 997 1233
331 715 720 792 1075 1178
107 202 350 824 859 1144 1261 1320 1340
264 520 998 1217 1395
264 286 310 672 1315
710 786 832
30 949 1068
121 171 277 350 977 1096 1381
72 154 229 913 1242
151 172 342 447 916 1155 1220
1097 1257
16 210 254 568 589 733 805 911 1136 1280 1406
259 268 772 996
1241
424 616 708 904 1070 1193 1238
391 627 876 1034 1303
162 289 620 711 847 1254
10 99 167 469 742 811 828 1151 1406
631 662 768 900 1224
71 336 429 650 725 990 1097
92 156 159 297 592 941 1057 1392
155 426 492 537 865 884
433 694 776 813 1132 1169 1258 1297
50 126 774 1031 1055 1163
63 321 350 439 761 826 968 1164
339 354 434 829 1029 1095 1213
67 269 382 655 746 832 1293
485 510 906 1231
120 482 511 723 781 973 985 1021 1182 1351
46 76 89 155 270 424 431 495 566 883 1107 1236
41 209 448 595 785 868 946 1341
692 976 1062 1174
102 227 331 473 761 901 1005 1367
341 454 1005
38 150 177 443 537 779 838 871
39 176 219 313 358 495 527 583 630 1158
516 1246 1361
286 736 816
236 267 286 414 834 899
148 540 1263 1366
2 223 263 289 387 411 835 1085 1167
57 532 782 823 1245 1385
52 95 282 1196 1287 1342
324 396 457 670 1092 1223
9 91 127 139 282 509 566 593 865 1365
21 128 479 538 594 782 1238 1417
80 181 189 196 238 275 488 549 646 813 1260 1363
38 219 953 1077
491 704 751 809 1138 1139 1184 1235 1278 1389
37 135 145 284 320 336 419 583 622 699 819 1029 1394
42 258 361 1104 1212 1390
70 93 121 333 335 382 385 451 461 547 567 580 894 992 1026
333 348 1070 1174 1401
684 740 830 913 990 1157 1310
250 496 561 717 783 852 1385
104 203 562 566
860 885 1037 1233 1351
154 195 254 388 434 464 639 722 754 787
231 280 477 1240
59 204 284 583 923
78 667 703 790 967 1083 1150
443 464 519 570 906 1234
133 462 709 763 953 1012 1162 1192 1303
67 168 224 361 510 818 930 1178 1236 1366 1386
19 29 114 272 426 635 736 885 1020 1058 1085
19 68 106 359 369 541 1072 1204
31 521 549 554 570 637 831 894 1071
22 465 843 993 1299 1359 1385
543 759
217 415 467 739 870 1007 1210 1404
156 207 565 598 654 713
1 266 275 313 409 706 891 1003 1053
77 408 1165 1307 1324
36 137 255 289 379 703 901 905 917
197 212 277 479 720 725 926 1086 1116 1180 1288 1374
83 368 465 1117 1304 1399 1416
121 233 458 717 736 880 887 957 1406
124 223 275 318 399 441 458 469 520 839 999 1066 1211
103 104 241 262 456 519 851 1095 1320 1344 1406 1414
201 526 754 767 1046 1070 1089 1176 1367
73 432 735 920 938 955 998 1080 1410
61 139 327 333
102 287 494 628 801 861 1132
18 55 583 636 648 764 1085 1102 1377
209 515 555 575 1261 1321 1358 1362 1390
136 224 516 580 1130 1182
81 100 116 166 489 972 1049 1326
74 198 287 652 914 1378
234 669 802 1240 1247
83 748 1031 1084 1229 1295
64 228 353 591 636 796 824 1013 1147 1348
222 385 677 809 1016 1025 1124 1151
137 236 306 598 647 1275
144 400 568 804 816 1169 1187 1331
316 471 631 684 770 828 840 1119 1163
798
32 244 457 470 471 663 706 811 950 1089 1116 1298
249 252 275 522 577 588 787 925
421 520 659 858 891 1056 1185
1 728 942
70 133 464 489 656 901 969 1108 1233 1295 1408
107 133 312 474 494 672 853 1035 1260
119 389 816 973 1106
853 956 1372
59 212 326 872 942 989 1189
54 308 439 700 749 828 943 1157 1387
604 614 754 814 968 1140 1258 1341
99 151 279 286 1238 1243
58 64 240 419 459 614 638 836 1217 1252
10 39 73 304 350 468 527 586 651 838 845 1160
154 174 716 733 764 1080 1102 1132 1304
414 769 827 856 998 1081 1231
58 83 402 403 502 519 828 985 1240 1323
275 348 364 411 491 533 623 920 1100 1185 1331
168 201 312 362 401 446 708 757 983
225 622 1208
40 72 159 247 314 684 878 991 1126 1149 1332 1379
3 191 504 593 749 781 896 1126 1259 1287
40 186 575 583 620 963 1097 1168
150 208 317 321 775 932 1231
780 891 1122 1123 1249 1254 1341
153 370 820 963 983 1209
421 899 989 1357 1366 1401
40 52 126 167 201 340 386 650
91 101 301 561 645 677 696 711 799 1091 1269
116 456 471 1171 1247 1362
433 481 809 1028 1088 1116 1209 1216 1247
90 107 226 316 326 355 893 1134 1272
20 55 148 164 218 1133 1175
209 535 758 1142
31 41 582 915 1017 1231 1262 1270
100 372 409 668 1387
322 406 850 854 972 988 1054 1200
3 235 514 798 824 1054 1150 1361
142 261 448 518 661 735 843 1112 1280 1290
75 308 1168 1176 1242 1390
104 201 376 627 632 832 984 1135 1160 1176 1217
8 372 492 866 1163 1407
33 57 134 315 630 1008 1342 1371
56 119 659 785 1158
288 1226
60 326 1096 1260
68 132 307 329 404 455 516 704 949 1222 1275
245 301 535 579 762 791 876 940 1122 1407
73 112 411 601 783 870 950 989 1066 1139
382 495 899 933 1023 1097 1195
128 315 380 440 628 629 724 849
25 92 259 340
22 329 567 729 884 990 1213
747 816 978 1015 1170
15 151 166 422 909 1231
318 597 757 832 922 1059 1111
193 968 1041 1145 1163 1234 1269
233 311 613 649 685 840 917 1161 1372 1397
242 721 794 1001 1115 1142 1162 1289
153 159 375 514 629 749 970 1159
51 131 173 380 405 520 942 1068 1160
815 1029 1100 1143 1158
160 318 556 581 583 612 787 814 851 1030 1193
74 251 504 653 945 953 1078 1195
475 507 606 623 639 648 743 795 928 1252
53 251 343 403 439 647 753 881 1046 1184 1233 1346
17 51 327 365 460 971 1124 1141 1312 1335
198 530 684 800 874 1028 1099 1393
191 941 1155 1296 1393
178 709 1131
215 360 478
178 323 330 370 871 1333 1342
32 158 412 495 524 755 908 1037 1058 1359
232 303 387 591 808 1134 1200
58 85 194 282 388 581 996 1085 1141 1142 1320 1341
100 320 335 462 956 1210 1304 1352
93 190 308 315 429 471 581 652 730 1007 1069 1374
192 441 526 899 1256 1267 1357 1404
137 139 418 426 527 564 666 856 870 1000 1080 1207 1217 1235
516 1001 1218
59 89 415 497 590 941 1034 1091 1251
17 64 279 521 716 752 942 980 1228
318 326 582 1054 1167
94 459 572 632 659 738 1104 1119
122 328 568 794 850 1325 1375
8 180 497 707 815 1099 1331
29 394 490 528 859 868 1215 1390
375 761 792 1110 1313 1320 1325
55 608 770 1266 1357
217 858 1231 1346
153 370 433 439 1068 1243 1269
274 503 644 810 909 980 1020 1164
275
118 486 775 1151 1165 1315 1399
223 226 562 730 793 903 1048 1228
232 249 592 899
80 660 745 826 1389
257 857 925
73 117 1138 1175
42 63 446 472 607 697 1005
82 104 217 762 899 914 969 1416
264 1207
118 419 476 553 785 1071
29 157 370 844
100 580 960
282 437 636 1180 1203 1350
417 961 1121 1240 1327
228 339 356 506 586 829 856 978 1127 1132 1337
178 279 595 931 958 1075 1177 1240
137 462 476 762 964 1083 1261 1322
17 44 95 198 217 359 362 538 666 970 1056 1245
4 5 177 415 463 647 704 1031 1154 1398
86 183 379 670 699 986 1249
62 204 544 556 788 905 1188 1384
105 179 453 853 1132
24 250 503 524 616 845 910 1002 1009 1114 1142 1180 1226 1332
434 599 1181
38 75 157 194 261 526 641 656 990
332 446 649 1015 1293
495 505 1380
12 79 83 350 601 682 940 996 1148 1235 1302
9 139 304 468 741 771 962 1049 1375
196 505 1024
58 524 689 767 768 858 972 1306
95 279 494 562 569 623 1146 1217
11 599 683 990
116 924 1183 1196 1232 1278 1324
832 843 864 1095
27 37 64
746 1033 1117 1125 1136 1156 1191
0 201 234 949 1228
376 445 732 824 974 1006 1062 1106 1167 1409
351 369 655 932 953 1067 1158 1340
209 250 261 500 1054 1180 1222 1236 1397
299 520 687 704 795 1035 1069 1235
483 532 599 615
0 157 357 530 545 710 853 933 940 1020 1051 1113
64 160 404 575 661 903 925 997
241 305 613 685 1064 1094 1118 1208 1210
175 336 337 536 576 584 590 768 805 1019
92 349 471 591 661 1014 1141
19 95 189 902 1113 1192 1278 1302 1316
67 116 136 204 724 740 808 813 912 966 1406
107 379 714 790 1004 1047 1212
435 1042
334 580 638 654 742 978 1094 1131 1132
202 718 720 781 872
37 81 664 695 1126 1214 1290 1308
436 619 838 953
18 319 406 588 676 684 703 726 815 819 840 1182
311 866 892 915 925 1114 1166 1399
36 208 297 323 449 612 1286
30 77 421 552 753 1022 1126 1376 1399
342 576 605 884 890 913 1263
152 367 703 951 952 1179
43 161 625 1016 1400
949 1028 1112 1283 1335 1366
90 107 147 255 395 649 725 885 1123 1373
147 148 233 278 700 871 941 1052 1107 1147 1402
60 105 123 456 519 544 665 933 992 1008 1090 1211
124 213 280 372 662 807 871 968 1136 1273
292 489 752 1045 1255 1270 1293
131 480 511 778 780 903 1340
270 409 471 589 1276 1383
183 209 399 615 1190
505 1179
6 530 638 650 653 666 860 861 975 1389
48 421 434 476 786 821 942 964 1130 1158 1192
146 279 546 626 634 714 796 1136 1263 1400
143 436 557 661 769 972
82 251 484 518 596 806 881 1133 1337
113 119 250 435 456 535 545 687 764 1262 1338 1400
5 437 621 625 1323
282 336 496 522 605 636 653 682 703 939 1098 1148 1335 1393
135 210 323 469 674 1265
10 46 97 375 648 671 725 780 942 947
343 364 732 763 774 881 968 998 1054 1228 1243 1372
146 212 288 311 681 1326
35 212 313 683 1017 1140 1385 1389
296 768 913 938 1300 1370
204 295 718 894
51 97 144 219 237 475 784 1258 1339
67 664 775 1350
48 348 654 677 1380
164 453 678 1253
13 595 669 838 893 925 1048 1123 1367
231 447 784 1080
185 380 717 1004 1160
404 844 1140 1249
2 154 174 289 333 373
276 784 1342 1360 1366
33 85 521 533 538 671 902 943 1032 1220 1263
698 709 827 894
353 449 500 949 1095 1106
221 397 439 560 781 1170 1297 1309 1331 1365
7 41 106 158 193 223 348 728 1003 1028 1296 1335 1365
66 314 1102 1336
177 457 736 780 1073
527 647 660 886 974 1002 1281 1354 1385
424 503 764 824 1319 1352
118 151 685 719 782 796 1222 1243
24 79 85 238 399 458 1021 1068
29 360 708 1001 1081 1116 1177 1399
532 561 717 1005
102 299 325 356 809 880 953 1225
315 361 630 740 833 1078
51 78 401 813 836 1249
142 946 1296 1353
47 183 327 388 690 1059
60 487 494 502 657 681 971 1321
144 463 529 532 604 958 1168
4 246 354 402 685 840 907 1189 1385
105 439 923
45 314 538 591 1010 1195 1379
23 277 354 997 1243
262 481 631 799 848
374 458 481 995
11 114 303 308 311 326 554 604 795 824 846 1301 1398
18 115 287 591 803 845 1008 1084 1176 1189
35 113 126 265 414 1090 1311 1371
13 100 347 582 1211
12 98 312 587 971 1118 1274
354 600 1078 1228
528 566 782 861 1186 1189 1401
681 799 807 810 832 883 1092 1279 1388
92 170 178 513 1208
269 612
1 419 632 650 817
67 88 248 821 963
151 232 533 638 998 1099 1119 1187 1296
107 455 1122 1217
122 860 1173
208 384 521 645 957
201 443 525 722 878 1168 1258 1275 1297 1400
4 157 172 294 398 546 1298 1365 1367
239 457 542 803 1209 1272
22 332 606 819 962 1273
15 43 396 450 583 589 1283
0 214 479 926 1008 1234 1264 1386 1401
64 230 691 801 810 1036 1112 1126 1176
17 74 344 959 992 1048 1144 1173 1292
587 695 875 894 972
437 514 562 1084 1399
38 245 488 506 560 738 774 840 870 1378
103 213 304 426 558 628 643 828 1167 1191
166 219 311 707 907 908 968
157 188 350 443 1096
182 270 298 556 631 702 762 975
90 199 591 618 805 878 1207 1284
243 417 934 1034 1062 1379
283 292 887 963 1177 1301 1371 1389
57 333 515 1309 1391
94 166 342 510 964 1300
72 104 144 171 535 921 931
141 166 637 654 733 763 893 939
36 203 252 435 545 628 1128 1179 1190 1387
468 566 670 719 733 988 1090
165 205 338 420 515 592 849 1073 1174
15 25 107 146 287 485 760 993 1292 1394
133 201 261 349 766 880 894 1042 1139 1388
236 253 261 375 501 1090 1131 1377
73 96 156 341 545 576 651 1052
215 297 345 537 767 1372
138 416 789 968 1050 1296 1297 1336
373 486 815 1045 1069 1128 1258 1292
611 734 758 1038 1085 1287 1336
164 239 392 694 695
737 985
678 1281 1387
282 532 614 617 896 908 940 947 1144 1321 1352
223 293 329 447 1109 1159 1278 1364
282 327 620 751 768 890 948 1259
4 326 472 1080 1178
48 273 665 785 890 975 1001 1186 1223
904 1254
16 93 152 293 305 463 471 514 567 881 1089 1362
174 202 211 283 341 363 573 613 641 676 821 1093 1345
9 63 108 164 580 806 1122 1315 1351 1413
86 436 597 823 1221 1285
383 619 925 1013 1385
384 884 889 976
98 327 570 628 701 1265
281 308 1215
480 946 1047 1060 1073 1280 1300 1313 1381
21 1069 1340
44 242 515 719 770 1111 1137 1357 1370
9 40 66 118 211 259 651 722 749 907 990 1326 1361
449 1054 1198 1268 1280 1352
16 50 655 761 1056 1090 1141 1188
1353 1417
15 18 68 483 641 1026
469 477 1169 1170 1275
283 318 388 769 1055 1360
73 148 446 935 1009
269 308 615 669 764 899
458 464 542 1159 1235
92 346 549 666 1213 1319
42 210 453 566 1081 1195 1252 1254 1304 1344
243 298 411 523 1257 1270 1273 1335
35 50 182 265 379 411 519 1058 1128 1325 1340
400 998 1260
115 124 225 330 415 701 768 793 915 952 994
18 182 366 496 596 965 1075 1179
150 286 327 482 741 788 806 838 900
411 485 555 567 884 916 928 1017 1023 1082 1084 1244
924 928 1143 1149 1415
195 487 535 555 627 658 1106
83 469 601 676 993 1233
143 258 282 343 480 622 690 1086
2 31 36 109 211 301 374 843 981
66 280 308 380 387 818
181 350 355 1379
81 141 204 307 398 503 532 611 821 853 863 1084
509 595 1407
1081 1202
8 71 96 421 480 692 1051 1391
