// Number of vertices
35
// Adjacency list
1 2 3 4 5 6 7 8 9 10 11 12 13 15 20 21 22 23 24 26 27 28 29 32 33 34
0 2 3 4 5 6 7 8 9 10 11 12 13 17 18 19 22 23 24 27 29 33 34
0 1 3 4 5 6 7 8 9 10 11 12 13 14 15 19 20 21 22 24 26 27 29 33 34
0 1 2 4 5 6 7 8 9 10 11 12 13 16 21 22 23 24 26 27 28 29 30 31 34
0 1 2 3 5 6 7 8 9 10 11 12 13 15 20 21 23 24 26 27 29 30 31 33 34
0 1 2 3 4 6 7 8 9 10 11 12 13 15 16 20 21 22 24 27 28 29 30 32 33 34
0 1 2 3 4 5 7 8 9 10 11 12 13 15 21 22 23 24 26 27 28 29 32 33 34
0 1 2 3 4 5 6 8 9 10 11 12 13 16 18 19 20 21 22 24 26 28 29 31 33 34
0 1 2 3 4 5 6 7 9 10 11 12 13 15 16 18 19 21 23 24 27 29 30 33 34
0 1 2 3 4 5 6 7 8 10 11 12 13 15 16 17 21 22 23 24 26 27 28 29 30 33 34
0 1 2 3 4 5 6 7 8 9 11 12 13 15 16 17 19 21 22 24 25 26 27 29 30 33 34
0 1 2 3 4 5 6 7 8 9 10 12 13 15 16 19 22 23 24 27 28 29 31 33
0 1 2 3 4 5 6 7 8 9 10 11 13 14 15 16 22 23 24 26 27 28 29 32 33 34
0 1 2 3 4 5 6 7 8 9 10 11 12 15 16 18 20 21 22 24 25 26 27 28 29 31 33 34
2 12
13 8 10 6 0 4 11 5 9 2 12
13 5 9 10 12 7 8 11 3
9 10 1
1 7 13 8
2 10 7 11 1 8
5 4 0 2 7 13
5 9 10 4 7 6 13 8 0 2 3
11 3 5 6 1 0 10 7 12 9 13 2
1 6 9 3 8 11 4 12 0
11 10 3 2 9 12 6 0 13 7 1 8 4 5
10 13
6 7 0 9 12 3 13 4 10 2
4 8 3 13 12 5 11 10 9 6 1 2 0
13 3 12 11 7 5 6 0 9
9 2 6 1 10 5 13 11 7 0 4 3 8 12
9 5 10 4 8 3
13 3 4 7 11
6 0 5 12
1 8 6 4 13 2 11 12 10 7 9 5 0
0 9 4 2 7 12 13 5 1 6 8 10 3
